###
training_model: RNN_sent_model_embed.py
starting_time: 2017-03-17 23:10:19.809544

parameters:
	cell_type: gru
	embed_size: 50
	hidden_size: 100
	learning_rate: 0.0010
	regularization: 0.00000
	batch_size: 16

training history:
epoch 		 loss 		 train_accu 		 test_accu
0 		 2.97673 		 0.44153 		 0.40135
1 		 1.71194 		 0.66062 		 0.59459
2 		 0.97631 		 0.79906 		 0.70405
3 		 0.54440 		 0.89449 		 0.76689
4 		 0.30411 		 0.95430 		 0.82500
5 		 0.17517 		 0.97245 		 0.85203
6 		 0.10916 		 0.97648 		 0.86216
7 		 0.05939 		 0.99328 		 0.88311
8 		 0.04582 		 0.99059 		 0.87230
9 		 0.03835 		 0.99530 		 0.87568
10 		 0.02557 		 0.98925 		 0.87027
11 		 0.01364 		 0.99530 		 0.88649
12 		 0.00875 		 0.98723 		 0.86757
13 		 0.02993 		 0.99933 		 0.89257
14 		 0.00450 		 0.98454 		 0.87432
15 		 0.01301 		 0.99664 		 0.89595
16 		 0.00222 		 1.00000 		 0.90676
17 		 0.00062 		 1.00000 		 0.90270
18 		 0.00039 		 1.00000 		 0.90135
19 		 0.00027 		 1.00000 		 0.90135
END

###
training_model: RNN_sent_model_embed.py
starting_time: 2017-03-18 02:31:17.085936

parameters:
	cell_type: gru
	embed_size: 50
	hidden_size: 100
	learning_rate: 0.0010
	regularization: 0.00001
	batch_size: 16

training history:
epoch 		 loss 		 train_accu 		 test_accu
0 		 2.98653 		 0.41868 		 0.38311
1 		 1.74874 		 0.65659 		 0.56419
2 		 0.99999 		 0.80645 		 0.69595
3 		 0.56176 		 0.88441 		 0.76419
4 		 0.31560 		 0.93548 		 0.81081
5 		 0.18972 		 0.96707 		 0.83378
6 		 0.11920 		 0.99059 		 0.86081
7 		 0.07422 		 0.99530 		 0.87500
8 		 0.06188 		 0.99664 		 0.87297
9 		 0.05599 		 0.99798 		 0.88108
10 		 0.03643 		 0.99597 		 0.88243
11 		 0.02048 		 0.99798 		 0.87770
12 		 0.04071 		 0.99866 		 0.88986
13 		 0.03300 		 1.00000 		 0.89257
14 		 0.01690 		 1.00000 		 0.88851
15 		 0.01258 		 1.00000 		 0.89122
16 		 0.01164 		 1.00000 		 0.89189
17 		 0.01107 		 1.00000 		 0.89257
18 		 0.01046 		 1.00000 		 0.89122
19 		 0.00974 		 1.00000 		 0.88919
END

###
training_model: RNN_sent_model_embed.py
starting_time: 2017-03-18 03:47:11.118505

parameters:
	cell_type: gru
	embed_size: 50
	hidden_size: 100
	learning_rate: 0.0010
	regularization: 0.00005
	batch_size: 16

training history:
epoch 		 loss 		 train_accu 		 test_accu
0 		 2.97020 		 0.41667 		 0.36892
1 		 1.73609 		 0.64852 		 0.57095
2 		 1.02061 		 0.80376 		 0.70135
3 		 0.59859 		 0.88575 		 0.77703
4 		 0.36791 		 0.95430 		 0.83514
5 		 0.23089 		 0.96505 		 0.83649
6 		 0.15379 		 0.97849 		 0.84459
7 		 0.12275 		 0.97782 		 0.84122
8 		 0.09821 		 0.99597 		 0.87568
9 		 0.07934 		 0.98790 		 0.86419
10 		 0.08256 		 0.99597 		 0.88986
11 		 0.06131 		 0.99731 		 0.88986
12 		 0.06564 		 0.99462 		 0.87027
13 		 0.06661 		 0.99933 		 0.89189
14 		 0.05070 		 0.98925 		 0.87500
15 		 0.06070 		 0.99933 		 0.89122
16 		 0.04188 		 1.00000 		 0.89527
17 		 0.03800 		 1.00000 		 0.89527
18 		 0.03475 		 1.00000 		 0.89257
19 		 0.03136 		 1.00000 		 0.88986
END

###
training_model: RNN_sent_model_embed.py
starting_time: 2017-03-18 05:20:24.310114

parameters:
	cell_type: gru
	embed_size: 50
	hidden_size: 100
	learning_rate: 0.0010
	regularization: 0.00010
	batch_size: 16

training history:
epoch 		 loss 		 train_accu 		 test_accu
0 		 2.99370 		 0.41398 		 0.35743
1 		 1.79033 		 0.62366 		 0.55946
2 		 1.05292 		 0.76478 		 0.68243
3 		 0.60598 		 0.85013 		 0.73243
4 		 0.36827 		 0.95228 		 0.81284
5 		 0.24814 		 0.96102 		 0.84797
6 		 0.17917 		 0.96640 		 0.85000
7 		 0.14482 		 0.98925 		 0.86757
8 		 0.12553 		 0.98454 		 0.87230
9 		 0.10814 		 0.99194 		 0.87905
10 		 0.10048 		 0.98320 		 0.87297
11 		 0.09134 		 0.99866 		 0.88446
12 		 0.07545 		 1.00000 		 0.89257
13 		 0.09739 		 1.00000 		 0.88784
14 		 0.08669 		 1.00000 		 0.89662
15 		 0.06895 		 1.00000 		 0.88716
16 		 0.06725 		 0.96976 		 0.86284
17 		 0.08012 		 0.99933 		 0.88986
18 		 0.05916 		 1.00000 		 0.89595
19 		 0.08182 		 0.99866 		 0.90135
END

###
training_model: RNN_sent_model_embed.py
starting_time: 2017-03-18 21:17:19.071084

parameters:
	cell_type: gru
	embed_size: 50
	hidden_size: 100
	learning_rate: 0.0010
	regularization: 0.00050
	batch_size: 16

training history:
epoch 		 loss 		 train_accu 		 test_accu
0 		 3.07622 		 0.41398 		 0.37500
1 		 1.92195 		 0.63710 		 0.57838
2 		 1.25221 		 0.78898 		 0.68581
3 		 0.81227 		 0.87769 		 0.75405
4 		 0.55760 		 0.93616 		 0.81216
5 		 0.41957 		 0.92944 		 0.81757
6 		 0.35215 		 0.97043 		 0.84797
7 		 0.30149 		 0.98522 		 0.85405
8 		 0.26161 		 0.98723 		 0.86554
9 		 0.24624 		 0.99261 		 0.87973
10 		 0.22165 		 0.99664 		 0.87568
11 		 0.21216 		 0.96640 		 0.83716
12 		 0.21050 		 0.97849 		 0.84595
13 		 0.19331 		 0.97446 		 0.85743
14 		 0.18795 		 0.98589 		 0.84865
15 		 0.17762 		 0.99798 		 0.88243
16 		 0.15495 		 0.99664 		 0.87703
17 		 0.18150 		 0.97110 		 0.83784
18 		 0.15316 		 1.00000 		 0.88919
19 		 0.13190 		 1.00000 		 0.88041
END

###
training_model: RNN_sent_model_embed.py
starting_time: 2017-03-18 22:16:47.175170

parameters:
	cell_type: gru
	embed_size: 50
	hidden_size: 100
	learning_rate: 0.0010
	regularization: 0.00100
	batch_size: 16

training history:
epoch 		 loss 		 train_accu 		 test_accu
0 		 3.22907 		 0.38172 		 0.34392
1 		 2.07186 		 0.60215 		 0.53311
2 		 1.37240 		 0.75134 		 0.67297
3 		 0.94705 		 0.84476 		 0.73716
4 		 0.71039 		 0.91599 		 0.79459
5 		 0.56689 		 0.95497 		 0.83041
6 		 0.48224 		 0.95497 		 0.82905
7 		 0.42281 		 0.96438 		 0.83716
8 		 0.38562 		 0.99059 		 0.86081
9 		 0.34958 		 0.98992 		 0.86554
10 		 0.33617 		 0.98992 		 0.86284
11 		 0.30762 		 0.99194 		 0.87027
12 		 0.29141 		 0.99261 		 0.87365
13 		 0.26935 		 0.99126 		 0.87297
14 		 0.25286 		 0.99328 		 0.87770
15 		 0.26448 		 0.99798 		 0.87703
16 		 0.24298 		 0.99933 		 0.88041
17 		 0.22765 		 0.96640 		 0.82973
18 		 0.21732 		 1.00000 		 0.87838
19 		 0.23269 		 0.99933 		 0.87568
END

###
training_model: RNN_sent_model_embed.py
starting_time: 2017-03-18 23:18:36.017229

parameters:
	cell_type: gru
	embed_size: 50
	hidden_size: 100
	learning_rate: 0.0010
	regularization: 0.00500
	batch_size: 16

training history:
epoch 		 loss 		 train_accu 		 test_accu
0 		 3.66972 		 0.29301 		 0.28243
1 		 2.69324 		 0.50470 		 0.47365
2 		 2.10748 		 0.64919 		 0.56622
3 		 1.69859 		 0.75538 		 0.65946
4 		 1.41812 		 0.79167 		 0.68716
5 		 1.22543 		 0.86694 		 0.75270
6 		 1.07648 		 0.90054 		 0.76351
7 		 0.97192 		 0.94153 		 0.79257
8 		 0.89124 		 0.95094 		 0.79122
9 		 0.82301 		 0.94825 		 0.78041
10 		 0.77838 		 0.97581 		 0.82905
11 		 0.73146 		 0.97648 		 0.83311
12 		 0.70047 		 0.97312 		 0.81351
13 		 0.67279 		 0.98992 		 0.84257
14 		 0.65387 		 0.97715 		 0.83108
15 		 0.63188 		 0.97177 		 0.81486
16 		 0.62012 		 0.98723 		 0.84730
17 		 0.58678 		 0.98051 		 0.83919
18 		 0.57434 		 0.99328 		 0.84324
19 		 0.56668 		 0.99328 		 0.84324
END

