###
training_model: RNN_sent_model_embed.py
starting_time: 2017-03-17 17:10:52.272474

parameters:
	cell_type: gru
	embed_size: 50
	hidden_size: 50
	learning_rate: 0.0010
	regularization: 0.00000
	batch_size: 16

training history:
epoch 		 loss 		 train_accu 		 test_accu
0 		 3.74103 		 0.09583 		 0.05702
1 		 3.25469 		 0.20833 		 0.13158
2 		 2.78985 		 0.31667 		 0.20614
3 		 2.37902 		 0.41667 		 0.27193
4 		 2.00296 		 0.50000 		 0.35526
5 		 1.70523 		 0.54583 		 0.36842
6 		 1.47165 		 0.60833 		 0.39912
7 		 1.27296 		 0.70000 		 0.47807
8 		 1.09853 		 0.71667 		 0.47368
9 		 0.99933 		 0.79583 		 0.46491
10 		 0.83657 		 0.79167 		 0.51754
11 		 0.73760 		 0.81667 		 0.53509
12 		 0.63906 		 0.84583 		 0.54825
13 		 0.57106 		 0.88750 		 0.53947
14 		 0.55915 		 0.89167 		 0.54825
15 		 0.46904 		 0.86250 		 0.50000
16 		 0.39774 		 0.93750 		 0.54825
17 		 0.33501 		 0.95833 		 0.57018
18 		 0.26269 		 0.95833 		 0.58772
19 		 0.25004 		 0.90833 		 0.54825
END

###
training_model: RNN_sent_model_embed.py
starting_time: 2017-03-17 17:24:39.932142

parameters:
	cell_type: gru
	embed_size: 50
	hidden_size: 100
	learning_rate: 0.0010
	regularization: 0.00000
	batch_size: 16

training history:
epoch 		 loss 		 train_accu 		 test_accu
0 		 3.73597 		 0.13333 		 0.10965
1 		 2.88318 		 0.25833 		 0.17982
2 		 2.22559 		 0.42500 		 0.28947
3 		 1.74795 		 0.55000 		 0.38158
4 		 1.43646 		 0.62500 		 0.38596
5 		 1.15916 		 0.65833 		 0.49561
6 		 0.95990 		 0.79583 		 0.54386
7 		 0.79680 		 0.79583 		 0.55263
8 		 0.62335 		 0.85417 		 0.54386
9 		 0.49898 		 0.85000 		 0.57018
10 		 0.41792 		 0.84167 		 0.57018
11 		 0.37075 		 0.89167 		 0.60526
12 		 0.30492 		 0.91667 		 0.59649
13 		 0.22987 		 0.92083 		 0.57895
14 		 0.23293 		 0.92917 		 0.56579
15 		 0.20376 		 0.93750 		 0.60088
16 		 0.15957 		 0.97083 		 0.60965
17 		 0.11643 		 0.97500 		 0.60088
18 		 0.10939 		 0.95833 		 0.58772
19 		 0.09968 		 0.97500 		 0.61404
END

###
training_model: RNN_sent_model_embed.py
starting_time: 2017-03-17 17:35:44.941713

parameters:
	cell_type: gru
	embed_size: 50
	hidden_size: 150
	learning_rate: 0.0010
	regularization: 0.00000
	batch_size: 16

training history:
epoch 		 loss 		 train_accu 		 test_accu
0 		 3.65952 		 0.14167 		 0.08333
1 		 2.58403 		 0.33750 		 0.21053
2 		 1.91024 		 0.48750 		 0.33772
3 		 1.51584 		 0.55417 		 0.44298
4 		 1.22434 		 0.67083 		 0.50439
5 		 1.01652 		 0.67083 		 0.49561
6 		 0.81389 		 0.75417 		 0.55263
7 		 0.66911 		 0.75833 		 0.54386
8 		 0.56179 		 0.74583 		 0.54386
9 		 0.46795 		 0.84167 		 0.57456
10 		 0.41092 		 0.88333 		 0.61404
11 		 0.31894 		 0.92917 		 0.61842
12 		 0.23405 		 0.93333 		 0.60965
13 		 0.18910 		 0.94583 		 0.63596
14 		 0.15782 		 0.97500 		 0.62719
15 		 0.16286 		 0.90000 		 0.61404
16 		 0.14398 		 0.95417 		 0.63158
17 		 0.12733 		 0.95833 		 0.64912
18 		 0.09564 		 0.98333 		 0.61842
19 		 0.20272 		 0.93750 		 0.57456
END

###
training_model: RNN_sent_model_embed.py
starting_time: 2017-03-17 17:44:05.249636

parameters:
	cell_type: gru
	embed_size: 50
	hidden_size: 200
	learning_rate: 0.0010
	regularization: 0.00000
	batch_size: 16

training history:
epoch 		 loss 		 train_accu 		 test_accu
0 		 3.52012 		 0.15833 		 0.11404
1 		 2.43611 		 0.36250 		 0.24123
2 		 1.81613 		 0.48750 		 0.32456
3 		 1.45843 		 0.59167 		 0.42105
4 		 1.16764 		 0.68333 		 0.46491
5 		 0.97669 		 0.71667 		 0.51316
6 		 0.76657 		 0.77500 		 0.57018
7 		 0.65612 		 0.79583 		 0.51754
8 		 0.52358 		 0.87500 		 0.59649
9 		 0.40265 		 0.82917 		 0.57018
10 		 0.31519 		 0.90000 		 0.58333
11 		 0.25612 		 0.90000 		 0.62281
12 		 0.23257 		 0.88750 		 0.58333
13 		 0.24355 		 0.88333 		 0.59211
14 		 0.16861 		 0.92083 		 0.61842
15 		 0.17966 		 0.90417 		 0.59649
16 		 0.16627 		 0.96250 		 0.64035
17 		 0.12812 		 0.94583 		 0.63158
18 		 0.11895 		 0.94583 		 0.60088
19 		 0.06858 		 0.98750 		 0.64912
END

###
training_model: RNN_sent_model_embed.py
starting_time: 2017-03-17 18:07:28.237901

parameters:
	cell_type: gru
	embed_size: 50
	hidden_size: 300
	learning_rate: 0.0010
	regularization: 0.00000
	batch_size: 16

training history:
epoch 		 loss 		 train_accu 		 test_accu
0 		 3.32658 		 0.25000 		 0.12281
1 		 2.27342 		 0.45000 		 0.28070
2 		 1.71857 		 0.51667 		 0.41667
3 		 1.36224 		 0.67083 		 0.46491
4 		 1.11535 		 0.72083 		 0.51316
5 		 0.90478 		 0.78750 		 0.54825
6 		 0.78664 		 0.82917 		 0.55702
7 		 0.61827 		 0.85000 		 0.53509
8 		 0.45996 		 0.86250 		 0.55702
9 		 0.39528 		 0.89583 		 0.59649
10 		 0.32977 		 0.88333 		 0.57456
11 		 0.27412 		 0.90833 		 0.58333
12 		 0.25766 		 0.91250 		 0.54825
13 		 0.19367 		 0.96250 		 0.58333
14 		 0.15747 		 0.92917 		 0.57895
15 		 0.19819 		 0.90833 		 0.59649
16 		 0.14336 		 0.94167 		 0.64912
17 		 0.09452 		 0.94167 		 0.60088
18 		 0.09392 		 0.90000 		 0.57895
19 		 0.09113 		 0.90833 		 0.61842
END

