
###
training_model: RNN_sent_model_embed.py
starting_time: 2017-03-17 07:11:04.576437

parameters:
	cell_type: gru
	embed_size: 50
	hidden_size: 50
	learning_rate: 0.0010
	regularization: 0.00000
	batch_size: 16

training history:
epoch 		 loss 		 train_accu 		 test_accu
0 		 3.20314 		 0.35753 		 0.31622
1 		 2.08744 		 0.58535 		 0.50338
2 		 1.35436 		 0.75067 		 0.64730
3 		 0.85588 		 0.84946 		 0.72500
4 		 0.53411 		 0.90860 		 0.77162
5 		 0.33146 		 0.95632 		 0.81554
6 		 0.20856 		 0.97312 		 0.82770
7 		 0.12623 		 0.98656 		 0.84932
8 		 0.08582 		 0.99194 		 0.86689
9 		 0.06251 		 0.99530 		 0.86622
10 		 0.03946 		 0.99798 		 0.87027
11 		 0.03686 		 0.99664 		 0.87568
12 		 0.02331 		 0.99798 		 0.86757
13 		 0.00949 		 1.00000 		 0.88649
14 		 0.02683 		 0.99866 		 0.88041
15 		 0.00460 		 1.00000 		 0.88176
END

###
training_model: RNN_sent_model_embed.py
starting_time: 2017-03-17 08:20:09.959308

parameters:
	cell_type: gru
	embed_size: 50
	hidden_size: 100
	learning_rate: 0.0010
	regularization: 0.00000
	batch_size: 16

training history:
epoch 		 loss 		 train_accu 		 test_accu
0 		 2.97732 		 0.39919 		 0.36419
1 		 1.71635 		 0.64785 		 0.57162
2 		 0.98456 		 0.78696 		 0.69054
3 		 0.55361 		 0.88306 		 0.75068
4 		 0.31293 		 0.91868 		 0.79257
5 		 0.18172 		 0.96707 		 0.82770
6 		 0.10865 		 0.98051 		 0.85608
7 		 0.06773 		 0.98790 		 0.87095
8 		 0.04410 		 0.98858 		 0.86824
9 		 0.03297 		 0.98253 		 0.86216
10 		 0.03477 		 0.99126 		 0.87230
11 		 0.00961 		 0.99933 		 0.88378
12 		 0.00277 		 1.00000 		 0.87703
13 		 0.00765 		 0.84543 		 0.76014
14 		 0.03781 		 0.99933 		 0.89257
15 		 0.00276 		 1.00000 		 0.88919
END

###
training_model: RNN_sent_model_embed.py
starting_time: 2017-03-17 09:05:09.426102

parameters:
	cell_type: gru
	embed_size: 50
	hidden_size: 150
	learning_rate: 0.0010
	regularization: 0.00000
	batch_size: 16

training history:
epoch 		 loss 		 train_accu 		 test_accu
0 		 2.83872 		 0.44489 		 0.42838
1 		 1.55694 		 0.67742 		 0.59595
2 		 0.85631 		 0.81922 		 0.72095
3 		 0.46357 		 0.89449 		 0.78716
4 		 0.26072 		 0.94960 		 0.82838
5 		 0.14896 		 0.95632 		 0.83986
6 		 0.09363 		 0.98320 		 0.87500
7 		 0.06197 		 0.98454 		 0.86149
8 		 0.04274 		 0.96774 		 0.86284
9 		 0.03748 		 0.97312 		 0.86959
10 		 0.02986 		 0.99664 		 0.88378
11 		 0.01058 		 0.98925 		 0.87838
12 		 0.02523 		 0.99530 		 0.88243
13 		 0.00633 		 0.99933 		 0.90270
14 		 0.02835 		 1.00000 		 0.90068
15 		 0.01634 		 0.98656 		 0.88176
END

###
training_model: RNN_sent_model_embed.py
starting_time: 2017-03-17 09:47:32.158987

parameters:
	cell_type: gru
	embed_size: 50
	hidden_size: 200
	learning_rate: 0.0010
	regularization: 0.00000
	batch_size: 16

training history:
epoch 		 loss 		 train_accu 		 test_accu
0 		 2.75376 		 0.47782 		 0.45608
1 		 1.42772 		 0.72379 		 0.65608
2 		 0.72861 		 0.86425 		 0.75473
3 		 0.36614 		 0.91196 		 0.79459
4 		 0.20613 		 0.95833 		 0.83311
5 		 0.12208 		 0.98185 		 0.86014
6 		 0.07555 		 0.98118 		 0.85946
7 		 0.04363 		 0.99059 		 0.87905
8 		 0.04318 		 0.99731 		 0.89189
9 		 0.03334 		 0.99798 		 0.89324
10 		 0.02157 		 0.99261 		 0.88581
11 		 0.03362 		 0.99731 		 0.89392
12 		 0.01648 		 0.99933 		 0.90473
13 		 0.00167 		 1.00000 		 0.90203
14 		 0.00049 		 1.00000 		 0.89797
15 		 0.00027 		 1.00000 		 0.89797
END

