###
training_model: RNN_sent_model_embed.py
starting_time: 2017-03-17 18:34:38.893964

parameters:
	cell_type: gru
	embed_size: 50
	hidden_size: 100
	learning_rate: 0.0010
	regularization: 0.00000
	batch_size: 16

training history:
epoch 		 loss 		 train_accu 		 test_accu
0 		 3.74578 		 0.15833 		 0.09211
1 		 2.83437 		 0.35000 		 0.19737
2 		 2.15793 		 0.43750 		 0.34649
3 		 1.70550 		 0.53333 		 0.35526
4 		 1.40316 		 0.65417 		 0.47368
5 		 1.18330 		 0.72500 		 0.47368
6 		 0.99279 		 0.75833 		 0.52193
7 		 0.85438 		 0.74583 		 0.53947
8 		 0.69991 		 0.77917 		 0.53947
9 		 0.56755 		 0.82083 		 0.57895
10 		 0.45036 		 0.87083 		 0.58333
11 		 0.36800 		 0.84583 		 0.58333
12 		 0.37676 		 0.85833 		 0.61404
13 		 0.27726 		 0.92500 		 0.60965
14 		 0.20075 		 0.92917 		 0.62281
15 		 0.15237 		 0.88333 		 0.57895
16 		 0.34027 		 0.94167 		 0.61404
17 		 0.16594 		 0.92917 		 0.63158
18 		 0.10610 		 0.98750 		 0.63158
19 		 0.11599 		 0.85000 		 0.55702
END

###
training_model: RNN_sent_model_embed.py
starting_time: 2017-03-17 19:06:54.929664

parameters:
	cell_type: gru
	embed_size: 50
	hidden_size: 100
	learning_rate: 0.0010
	regularization: 0.00001
	batch_size: 16

training history:
epoch 		 loss 		 train_accu 		 test_accu
0 		 3.72406 		 0.12083 		 0.08333
1 		 2.80757 		 0.33750 		 0.18860
2 		 2.17181 		 0.45417 		 0.31140
3 		 1.70384 		 0.56667 		 0.35088
4 		 1.40440 		 0.70000 		 0.44298
5 		 1.17767 		 0.67083 		 0.45614
6 		 1.03816 		 0.75833 		 0.46930
7 		 0.89271 		 0.83333 		 0.50877
8 		 0.74192 		 0.83750 		 0.53947
9 		 0.61839 		 0.89167 		 0.57018
10 		 0.50303 		 0.92083 		 0.57018
11 		 0.41389 		 0.86250 		 0.54386
12 		 0.37373 		 0.89167 		 0.54386
13 		 0.29635 		 0.92500 		 0.57018
14 		 0.28795 		 0.94583 		 0.55263
15 		 0.27192 		 0.94583 		 0.59649
16 		 0.19222 		 0.95417 		 0.59211
17 		 0.14785 		 0.98333 		 0.59649
18 		 0.12032 		 0.98750 		 0.60526
19 		 0.09762 		 0.97500 		 0.59211
END

###
training_model: RNN_sent_model_embed.py
starting_time: 2017-03-17 19:18:53.661897

parameters:
	cell_type: gru
	embed_size: 50
	hidden_size: 100
	learning_rate: 0.0010
	regularization: 0.00005
	batch_size: 16

training history:
epoch 		 loss 		 train_accu 		 test_accu
0 		 3.71069 		 0.13333 		 0.05263
1 		 2.87015 		 0.29167 		 0.23684
2 		 2.20446 		 0.40833 		 0.28509
3 		 1.80104 		 0.55417 		 0.38596
4 		 1.47061 		 0.66667 		 0.45175
5 		 1.20794 		 0.72500 		 0.50439
6 		 1.04399 		 0.69583 		 0.45175
7 		 0.85302 		 0.76250 		 0.54386
8 		 0.69888 		 0.81250 		 0.58333
9 		 0.56064 		 0.85417 		 0.60088
10 		 0.46337 		 0.83750 		 0.60526
11 		 0.45491 		 0.86667 		 0.64912
12 		 0.34315 		 0.87083 		 0.65351
13 		 0.26870 		 0.95833 		 0.64035
14 		 0.23739 		 0.95417 		 0.62281
15 		 0.19738 		 0.93333 		 0.61842
16 		 0.16993 		 0.98750 		 0.65789
17 		 0.13564 		 0.95833 		 0.65351
18 		 0.13197 		 0.93333 		 0.60526
19 		 0.16815 		 0.90833 		 0.58772
END

###
training_model: RNN_sent_model_embed.py
starting_time: 2017-03-17 19:37:01.532250

parameters:
	cell_type: gru
	embed_size: 50
	hidden_size: 100
	learning_rate: 0.0010
	regularization: 0.00010
	batch_size: 16

training history:
epoch 		 loss 		 train_accu 		 test_accu
0 		 3.77160 		 0.12917 		 0.09649
1 		 2.94903 		 0.31250 		 0.20614
2 		 2.27418 		 0.41667 		 0.28070
3 		 1.80694 		 0.54583 		 0.35526
4 		 1.46839 		 0.62083 		 0.42982
5 		 1.23686 		 0.67083 		 0.44737
6 		 1.05453 		 0.76667 		 0.52193
7 		 0.85133 		 0.80417 		 0.55702
8 		 0.74000 		 0.73333 		 0.52193
9 		 0.67574 		 0.85833 		 0.55702
10 		 0.57782 		 0.80417 		 0.53070
11 		 0.48213 		 0.85000 		 0.60526
12 		 0.42785 		 0.90417 		 0.64474
13 		 0.38001 		 0.87083 		 0.60526
14 		 0.33467 		 0.92083 		 0.62281
15 		 0.27328 		 0.92917 		 0.63158
16 		 0.21676 		 0.93750 		 0.65351
17 		 0.19551 		 0.89167 		 0.64474
18 		 0.18130 		 0.95000 		 0.63596
19 		 0.18847 		 0.97083 		 0.63158
END

###
training_model: RNN_sent_model_embed.py
starting_time: 2017-03-17 19:57:16.616067

parameters:
	cell_type: gru
	embed_size: 50
	hidden_size: 100
	learning_rate: 0.0010
	regularization: 0.00050
	batch_size: 16

training history:
epoch 		 loss 		 train_accu 		 test_accu
0 		 3.78121 		 0.10417 		 0.06140
1 		 2.93082 		 0.26250 		 0.19298
2 		 2.25171 		 0.47083 		 0.32018
3 		 1.83113 		 0.58333 		 0.42544
4 		 1.53217 		 0.68333 		 0.49123
5 		 1.31923 		 0.67917 		 0.48684
6 		 1.14177 		 0.69167 		 0.47807
7 		 1.01530 		 0.74167 		 0.53070
8 		 0.86472 		 0.75417 		 0.49561
9 		 0.81896 		 0.81250 		 0.52193
10 		 0.64059 		 0.86667 		 0.57456
11 		 0.56806 		 0.82917 		 0.55702
12 		 0.59480 		 0.75000 		 0.51316
13 		 0.48978 		 0.90833 		 0.59649
14 		 0.40179 		 0.91667 		 0.57895
15 		 0.41199 		 0.94583 		 0.60088
16 		 0.31693 		 0.97500 		 0.60965
17 		 0.30101 		 0.98750 		 0.63596
18 		 0.37422 		 0.90000 		 0.58333
19 		 0.35002 		 0.97083 		 0.58333
END

###
training_model: RNN_sent_model_embed.py
starting_time: 2017-03-17 20:58:31.707970

parameters:
	cell_type: gru
	embed_size: 50
	hidden_size: 100
	learning_rate: 0.0010
	regularization: 0.00100
	batch_size: 16

training history:
epoch 		 loss 		 train_accu 		 test_accu
0 		 3.89606 		 0.12083 		 0.07895
1 		 3.01835 		 0.30417 		 0.18421
2 		 2.42262 		 0.44583 		 0.27632
3 		 2.02880 		 0.53333 		 0.36404
4 		 1.73431 		 0.60417 		 0.38596
5 		 1.50724 		 0.67917 		 0.47807
6 		 1.33400 		 0.69583 		 0.48246
7 		 1.16994 		 0.79583 		 0.53509
8 		 1.01404 		 0.82917 		 0.56579
9 		 0.92045 		 0.82917 		 0.56579
10 		 0.82272 		 0.85417 		 0.57895
11 		 0.72857 		 0.91667 		 0.57895
12 		 0.62212 		 0.90833 		 0.58772
13 		 0.58700 		 0.93333 		 0.59649
14 		 0.57787 		 0.89167 		 0.57456
15 		 0.51454 		 0.95417 		 0.60526
16 		 0.48522 		 0.90000 		 0.60526
17 		 0.43865 		 0.94167 		 0.61404
18 		 0.43947 		 0.94583 		 0.63158
19 		 0.40929 		 0.96667 		 0.62719
END

###
training_model: RNN_sent_model_embed.py
starting_time: 2017-03-17 21:07:22.999146

parameters:
	cell_type: gru
	embed_size: 50
	hidden_size: 100
	learning_rate: 0.0010
	regularization: 0.00500
	batch_size: 16

training history:
epoch 		 loss 		 train_accu 		 test_accu
0 		 4.60718 		 0.14167 		 0.08333
1 		 3.55079 		 0.23333 		 0.16667
2 		 2.95567 		 0.35000 		 0.23684
3 		 2.56326 		 0.39583 		 0.25877
4 		 2.30187 		 0.48333 		 0.34211
5 		 2.10818 		 0.52917 		 0.40351
6 		 1.93464 		 0.62500 		 0.42105
7 		 1.76823 		 0.66250 		 0.46053
8 		 1.64402 		 0.70417 		 0.46491
9 		 1.54652 		 0.71250 		 0.46491
10 		 1.44780 		 0.66250 		 0.45175
11 		 1.40708 		 0.74167 		 0.51754
12 		 1.34534 		 0.80000 		 0.51316
13 		 1.21578 		 0.80000 		 0.53509
14 		 1.17577 		 0.87917 		 0.54825
15 		 1.12558 		 0.89167 		 0.56579
16 		 1.08324 		 0.85833 		 0.53947
17 		 1.01976 		 0.89167 		 0.54386
18 		 1.03068 		 0.90833 		 0.57895
19 		 0.98210 		 0.86667 		 0.57018
END
